4961
1977 88 43
1835 1961 43
1515 1751 43
1515 990 43
4272 665 43
4646 527 43
3694 1752 43
441 552 43
4260 256 43
4260 236 43
2608 2836 43
434 547 43
441 551 43
2607 1961 43
434 723 43
4185 668 43
2162 260 43
2162 221 43
1835 1024 43
2540 442 43
3542 1751 43
2607 4266 43
434 719 43
434 545 43
2162 225 43
1929 1751 43
2600 528 43
441 650 43
2162 220 43
269 372 43
2600 546 43
2162 237 43
434 667 43
269 360 43
2600 549 43
4272 565 43
2540 4898 43
1836 2837 43
3989 358 43
4334 2838 43
2600 720 43
434 721 43
441 654 43
4185 568 43
269 352 43
2540 2233 43
434 567 43
2234 2298 43
4646 548 43
3503 990 43
434 666 43
2162 238 43
4260 229 43
1928 1751 43
441 653 43
2624 4626 43
2600 718 43
4646 569 43
2941 42 43
2162 230 43
434 724 43
2783 2754 50
1641 2754 50
3930 2754 50
2788 2754 50
3663 2754 50
850 2754 50
628 1638 50
2868 2754 50
2783 1638 50
3938 2754 50
3665 2754 50
2788 1638 50
3664 2754 50
2145 2754 50
2787 1638 50
3666 2754 50
2458 2754 50
2458 1638 50
1641 1638 50
2368 1638 50
404 1638 50
4299 30 72
436 216 72
3687 271 72
3687 156 72
874 271 72
1948 30 72
2267 85 72
3687 85 72
2273 216 72
1978 85 72
2136 30 72
2189 216 72
2187 156 72
3531 76 72
2136 381 72
2190 216 72
1365 85 72
2270 375 72
2187 45 72
4298 30 72
1949 85 72
435 85 72
3687 21 72
3185 330 72
3128 30 72
1947 30 72
2269 216 72
4734 271 72
319 250 72
4734 85 72
1809 325 72
3933 85 72
2137 30 72
2266 85 72
4245 89 72
2187 330 72
2109 85 72
1806 4020 72
4728 205 72
4232 4233 21
4234 4234 21
4232 4234 21
3762 3762 21
3763 3762 21
1016 4808 21
4236 4236 21
2554 3762 21
939 3762 21
4235 4233 21
4488 4233 21
2990 3762 21
2555 3762 21
4235 4234 21
4575 4808 21
3542 2802 52
1149 2802 52
3593 3950 52
3943 4402 52
3942 4402 52
3593 3692 52
1794 2593 52
1939 2593 52
3593 2944 52
2936 3692 52
1889 3692 52
3598 4402 52
2934 2944 52
3594 4402 52
2936 1552 52
2283 4402 52
3504 2802 52
1890 3950 52
3496 4402 52
1890 3692 52
4403 4402 52
1902 2593 52
3489 4402 52
3509 4402 52
3506 2802 52
2561 4594 122
854 4594 122
2988 895 122
4670 4594 122
1214 4594 122
3619 4589 122
3619 4637 122
2670 4594 122
3096 4594 122
1106 895 122
2642 4594 122
2560 4594 122
895 895 122
3206 895 122
3894 895 122
1010 895 122
1966 895 122
4108 895 122
1377 4594 122
894 895 122
2625 4594 122
896 895 122
1178 4594 122
988 4594 122
981 895 122
4312 2754 66
3469 991 66
2397 1638 66
542 2754 66
2257 2754 66
541 1638 66
1611 2754 66
1603 2754 66
1820 1638 66
1249 2754 66
451 1638 66
2472 1638 66
4023 1638 66
3921 1638 66
3709 2754 66
2258 1613 66
1603 1638 66
3669 1638 66
1588 3974 37
2488 3397 37
4048 48 37
532 158 37
1012 3974 37
1872 3974 37
1975 2056 37
3217 3397 37
532 95 37
4025 2056 37
107 3397 37
4873 3397 37
532 168 37
2737 3974 37
1032 3974 37
1627 3397 37
4276 3974 37
4538 3397 37
1749 3974 37
4620 3974 37
1036 3397 37
1098 3974 37
3830 3397 37
532 60 37
532 113 37
2614 3397 37
1193 3397 37
2252 3397 37
3641 3397 37
102 3397 37
4739 3974 37
110 3397 37
3637 3974 37
2461 3397 37
532 87 37
1674 3974 37
647 293 118
1234 334 118
646 293 118
135 313 118
670 293 118
604 313 118
641 293 118
635 293 118
839 293 118
640 313 118
603 313 118
642 270 118
637 293 118
2168 313 118
868 313 118
137 313 118
138 313 118
838 313 118
636 270 118
134 313 118
644 293 118
841 313 118
479 313 118
636 293 118
839 313 118
139 313 118
872 293 118
4485 313 118
648 293 118
643 313 118
604 293 118
3299 313 118
1833 313 118
645 270 118
867 293 118
866 293 118
866 313 118
639 293 118
3717 270 118
2124 3712 99
2129 3712 99
3067 3712 99
3863 3712 99
3181 3712 99
2148 3712 99
2141 3712 99
2027 3712 99
811 3712 99
1453 3712 99
2125 3712 99
3668 2626 99
817 3712 99
4640 2626 99
2792 3712 99
4174 3712 99
445 3712 99
2128 3712 99
2130 3712 99
1183 1048 99
2123 3712 99
3836 3760 99
2282 1797 80
4527 1797 80
1886 1797 80
2932 1797 80
4186 1797 80
3598 1797 80
2530 1797 80
3332 1797 80
3943 1322 80
1887 1797 80
3480 1797 80
3330 1797 80
1166 1797 80
3476 1797 80
4407 1797 80
1650 1797 80
4406 1797 80
2390 1797 80
4578 1797 80
3484 1797 80
3594 1797 80
3693 1797 80
4577 1797 80
1794 1797 80
3943 1797 80
3463 2616 46
4498 2616 46
2955 2754 46
2995 2754 46
3840 2616 46
4329 2754 46
4877 1638 46
4649 1638 46
4659 2616 46
3470 1417 46
2996 1638 46
4660 2616 46
3191 2616 46
4497 1638 46
3538 1638 46
4330 2754 46
2956 1638 46
3174 3074 22
2037 3074 22
4274 3074 22
3913 3074 22
1286 3074 22
505 2888 22
1288 3074 22
437 3074 22
1782 2888 22
1781 3074 22
1778 3074 22
1584 3074 22
661 3074 22
1628 3074 22
4275 3074 22
2848 3074 22
504 2888 22
2054 3074 22
826 3074 22
659 3074 22
825 3074 22
4063 3074 22
1464 3074 22
2850 2888 22
658 2888 22
1409 3074 22
2079 3074 22
662 2888 22
2850 3074 22
4364 3074 22
2052 3074 22
1777 3074 22
2969 3074 22
660 3074 22
3077 3074 22
1849 2888 22
3916 3074 22
3192 3074 22
2039 3074 22
659 2888 22
3914 3074 22
824 3074 22
3643 2888 22
1783 3074 22
1691 2888 22
1690 2888 22
3915 3074 22
2042 3074 22
657 3074 22
2847 3074 22
2050 3074 22
4441 3074 22
2038 3074 22
1287 3074 22
4448 3074 22
1407 3074 22
2276 3074 22
2849 2888 22
1693 3074 22
3912 3074 22
3821 3074 22
1691 3074 22
1406 3074 22
4639 3074 22
2048 3074 22
2053 3074 22
1780 3074 22
1690 3074 22
2736 3074 22
3910 3074 22
1849 3074 22
2638 1638 47
414 992 47
734 2229 47
1946 2754 47
4292 1638 47
3057 2229 47
1245 2229 47
4008 1638 47
2639 1638 47
1222 1638 47
1222 2229 47
2635 1638 47
622 2229 47
4010 2229 47
2457 992 47
2157 992 47
4008 2754 47
4593 2229 47
2913 1638 47
2912 1638 47
3057 992 47
4416 2754 47
3908 992 47
1222 2754 47
997 992 47
2672 1638 47
779 2229 47
623 2754 47
412 992 47
2698 1638 47
2897 2754 47
741 2229 47
2620 2754 47
413 992 47
735 2229 47
4862 4287 100
864 4287 100
3648 3740 100
3740 3740 100
3539 3740 100
2449 4285 100
3647 3740 100
4863 4287 100
4119 4287 100
4758 4287 100
3066 4287 100
4848 3740 100
4287 4287 100
4022 4022 100
4453 3740 100
940 3740 100
4820 4287 100
4745 3740 100
4237 3740 100
4296 2513 100
1340 4287 100
3649 3740 100
4861 4287 100
4855 4287 100
3739 4287 100
2448 3740 100
4410 2953 100
1401 4287 100
4178 1380 100
4002 4002 100
2447 1318 100
2497 3740 100
3585 3740 100
3094 3740 100
1837 1143 100
3646 3740 100
1130 3740 100
3388 3740 100
2542 1318 100
4746 4285 100
4884 4287 100
1108 4287 100
3193 4026 100
3889 4287 100
4194 4287 100
3738 1318 100
4192 4287 100
2566 1798 40
3315 1798 40
3401 1798 40
2566 1323 40
2489 1323 40
3313 1798 40
3080 1798 40
3313 1323 40
3314 1323 40
2559 3681 81
3370 2414 81
1356 3681 81
2981 2414 81
3940 2414 81
3940 4898 81
3769 2414 81
3993 3681 81
3746 2414 81
726 2414 81
3766 2414 81
466 2414 81
3768 2414 81
3994 3681 81
3940 3675 81
783 2414 81
4414 2414 81
783 3682 81
2035 2414 81
2304 2414 81
3994 3682 81
1356 2414 81
1355 3681 81
3765 2414 81
578 2414 81
3371 2414 81
2303 2414 81
1313 2414 81
677 3681 81
3806 4623 121
4744 4623 121
2297 4623 121
2999 4623 121
3287 1216 121
467 4623 121
3007 4623 121
3002 4623 121
3882 4623 121
981 4623 121
3000 4623 121
3001 4623 121
1882 4623 121
3216 4623 121
3004 4623 121
3010 4623 121
2856 4623 121
3009 4623 121
3325 4623 121
3005 4623 121
3700 4623 121
4000 1216 121
3008 4623 121
3534 4623 121
2998 4623 121
4338 4623 121
2285 4623 121
3006 4623 121
4347 4623 121
3867 4623 121
1330 1765 121
3003 4623 121
2855 4623 121
1813 3224 68
3689 3224 68
3689 1335 68
2946 1335 68
1520 3224 68
2799 1335 68
4736 1334 68
2400 3224 68
1521 1334 68
1521 3224 68
3462 3224 68
3461 3224 68
3935 1335 68
2794 3224 68
1517 3224 68
3936 3224 68
1522 3224 68
3462 1334 68
4737 3224 68
2263 3224 68
3086 3224 68
1056 3224 68
3934 3224 68
4736 3224 68
4737 1334 68
3683 3341 126
4891 4044 126
3551 1142 126
3551 3341 126
4377 2896 126
3310 4044 126
3549 3341 126
3548 2896 126
3365 2964 126
2806 2964 126
3341 3341 126
4376 1142 126
3750 4052 126
2139 4044 126
3551 2964 126
561 3341 126
3250 2896 126
2567 3341 126
4520 4044 126
3550 3341 126
3327 3341 126
4250 377 77
2051 377 77
1104 377 77
468 377 77
4246 377 77
91 377 77
4251 377 77
4249 377 77
459 377 77
4247 377 77
3456 377 77
1306 377 77
3238 377 77
1307 377 77
4248 377 77
2993 377 77
1308 377 77
4473 2232 5
4197 3432 5
3384 3305 5
2231 2232 5
4800 2232 5
2569 3432 5
3658 3432 5
4856 3305 5
1344 3305 5
4549 2232 5
1412 3305 5
4901 2232 5
1434 3432 5
1493 3432 5
2781 3432 5
1410 3432 5
1018 2232 5
1771 3432 5
4804 3432 5
4604 3432 5
1408 3305 5
1770 3432 5
1434 3305 5
4163 3432 5
4028 2232 5
4652 3432 5
4550 2232 5
2568 3432 5
1345 3432 5
4489 2232 5
4290 3432 5
4605 3305 5
1101 122 109
3046 4432 109
4534 12 109
1280 9 109
4160 12 109
1280 13 109
1609 7 109
389 12 109
537 3101 109
693 13 109
1280 8 109
2926 12 109
4588 7 109
1979 4437 109
1280 12 109
4261 122 109
4588 122 109
4242 9 109
3046 4433 109
1332 13 109
1280 122 109
3045 13 109
3111 9 109
4222 2889 109
1332 8 109
3528 2233 109
2832 3043 108
3317 3043 108
4621 3098 108
2762 3043 108
1175 3043 108
747 3098 108
516 3043 108
2771 3043 108
2760 3043 108
2651 3043 108
2502 3043 108
2649 3043 108
2650 3043 108
1014 3043 108
560 3043 108
3529 3043 108
4176 3098 108
252 3043 108
2275 3043 108
2484 3043 108
615 3043 108
2759 3043 108
2667 3043 108
4621 3043 108
981 3043 108
2214 3043 108
2663 3043 108
4597 3015 18
4470 1305 18
3555 3014 18
3285 1305 18
4597 3631 18
2009 3014 18
4602 1305 18
4203 1309 18
4597 1309 18
4838 1309 18
4470 3631 18
1844 1305 18
2135 3014 18
1845 3631 18
1838 1305 18
3658 3015 18
3269 4281 128
1507 4281 128
2231 4281 128
3249 4281 128
4125 4124 128
4229 4281 128
3264 4281 128
1411 4281 128
3356 4124 128
3245 4124 128
3268 4281 128
3258 4124 128
901 4281 128
1069 4281 128
3259 4281 128
4883 4281 128
4282 4281 128
3266 4281 128
3267 4281 128
2033 4281 128
3588 4281 128
1655 4281 128
4141 4124 128
3261 4281 128
3262 4281 128
3588 4124 128
2415 4124 128
3265 4281 128
3254 4124 128
3270 4281 128
3251 4281 128
1530 4281 128
2875 4281 128
3257 4124 128
3253 4124 128
4228 4124 128
2873 4281 128
4644 4281 128
3260 4281 128
1532 4124 128
1832 4281 128
3244 4124 128
1256 4281 128
4200 4281 128
1070 4281 128
1529 4281 128
2565 4281 128
1248 991 129
2622 1638 129
4112 1638 129
2251 1638 129
1753 1638 129
378 1638 129
1370 1638 129
2105 2754 129
2372 1638 129
3651 1638 129
1760 1638 129
2709 1638 129
4781 1638 129
4835 1638 129
1242 1638 129
3228 1638 129
1096 323 65
1095 248 65
1807 120 65
829 203 65
2910 120 65
2528 120 65
1091 323 65
632 94 65
1514 120 65
1095 323 65
1095 203 65
1095 280 65
1093 248 65
1092 280 65
1091 248 65
1514 323 65
1514 340 65
1092 340 65
728 323 65
1891 120 65
2485 120 65
1094 323 65
729 340 65
1514 203 65
1090 323 65
2442 203 65
62 120 65
4821 120 65
1090 340 65
1096 248 65
1251 323 65
632 379 65
1096 280 65
727 323 65
1091 203 65
1094 203 65
1089 248 65
1091 280 65
728 280 65
1514 280 65
1514 248 65
729 367 65
1092 323 65
1915 4268 2
962 2207 2
233 2207 2
3461 4563 2
1853 2207 2
3960 3568 2
316 2207 2
3326 1796 2
3407 1822 2
1182 2207 2
2047 2207 2
3947 1067 2
960 2207 2
1616 2207 2
2097 3567 2
1000 4254 2
2235 1963 2
3983 58 2
3502 63 2
1103 2207 2
4335 2207 2
4738 4267 2
1860 2207 2
235 2207 2
1636 1795 2
998 4253 2
961 2207 2
3635 4437 2
3505 63 2
1855 2207 2
4743 4199 38
4417 2102 38
4895 1113 38
4197 4472 38
3589 3729 38
2196 2196 38
4104 1686 38
4627 4650 38
4104 4650 38
4189 1686 38
1679 3189 38
1962 4650 38
4747 4199 38
4189 1100 38
3194 4665 38
1580 2592 38
4257 1686 38
2059 2102 38
4849 4650 38
1904 3134 38
4496 4650 38
4610 4650 38
2492 2236 38
2974 4650 38
1968 4650 38
4609 1100 38
1157 4007 38
1964 3729 38
2798 3189 38
2226 387 103
2068 35 103
1990 286 103
2071 6 103
2070 286 103
2224 286 103
1990 387 103
2515 286 103
1252 286 103
1994 286 103
1954 387 103
1265 286 103
3229 286 103
4782 351 103
4068 286 103
2071 35 103
1981 35 103
1990 351 103
1447 387 103
2358 351 103
2225 387 103
1324 121 63
737 121 63
1917 16 63
2005 121 63
1324 207 63
3601 121 63
1191 121 63
3478 121 63
3478 291 63
2005 254 63
3478 16 63
3575 121 63
4788 121 63
1324 376 63
2004 284 63
1917 121 63
1442 284 63
3478 254 63
1917 291 63
1047 121 63
2006 121 63
4202 3202 63
965 121 63
3634 121 63
3447 1295 104
3871 1030 104
1618 787 104
1386 1295 104
1618 36 104
3447 1030 104
1386 1030 104
3819 47 104
2317 1295 104
4339 2754 48
2362 2754 48
1490 2754 48
2113 2754 48
2277 1638 48
483 1638 48
765 1638 48
2277 2754 48
3107 2754 48
3113 1638 48
2364 2754 48
4401 2754 48
3865 2754 48
2819 2754 48
525 2754 48
1808 2754 48
4291 2754 48
1354 2754 48
3448 2754 48
2477 1638 48
3114 2754 48
1604 1638 48
4732 1638 48
2369 2754 48
2360 1638 48
4658 2754 48
1906 2754 48
524 2754 48
2361 1638 48
2363 1638 48
2367 1638 48
2504 2754 48
3500 4689 127
3200 2879 127
2733 1297 127
3558 3556 127
1310 1755 127
3602 4666 127
4284 4284 127
834 1297 127
1984 3226 127
4887 4886 127
4286 1950 127
3989 4710 127
386 1297 127
2728 1945 127
3777 3776 127
780 1190 127
4839 1127 127
1160 1297 127
577 3446 127
3455 1987 127
1842 4162 127
3057 3135 127
4411 1297 127
4656 1297 127
3772 3776 127
1793 1297 127
1792 1297 127
1235 4387 127
3733 3385 127
2897 1950 127
2994 1338 127
877 1190 127
3171 1190 127
2013 3808 127
1019 1402 127
4284 1950 127
2385 2865 127
3169 1297 127
3108 1297 127
3596 1320 127
3147 1596 127
1683 3776 127
2804 2140 127
1285 1338 127
4198 1338 127
563 1338 127
1515 1512 127
1163 4284 127
4061 1524 127
1683 4886 127
4796 1190 127
3537 1297 127
3435 1190 127
3311 2713 127
3017 1338 127
2811 3724 127
1631 33 11
3811 33 11
4216 38 11
2790 33 11
4509 33 11
4714 33 11
3813 33 11
4726 38 11
4168 38 11
598 33 11
3920 46 11
4169 33 11
3918 219 11
4502 33 11
2829 33 11
4169 38 11
597 38 11
4169 219 11
3814 33 11
3813 217 11
4507 38 11
3811 219 11
4724 217 11
4510 33 11
4280 219 11
893 33 11
3810 33 11
4511 33 11
4169 332 11
4327 219 11
2280 33 11
556 33 11
4499 33 11
2279 33 11
3811 217 11
4508 38 11
4630 33 11
448 33 11
4631 33 11
4506 33 11
4167 33 11
750 46 11
1687 38 11
4725 217 11
888 4819 92
4795 1662 92
1662 1662 92
2876 4819 92
1746 4819 92
1746 1071 92
4821 4819 92
4822 4819 92
4838 4838 92
3563 4819 92
1327 4819 92
1661 1662 92
3750 4819 92
3734 1662 92
1131 1662 92
4824 4834 92
1128 4812 92
2501 4819 92
1746 1746 92
3752 4834 92
1663 1662 92
1581 1662 92
2532 4819 92
3752 1582 92
4820 4819 92
3106 1662 92
3771 1662 92
2872 1662 92
2961 282 27
2710 204 27
2961 111 27
2959 324 27
2529 214 27
487 267 27
3626 282 27
4695 49 27
4697 49 27
2960 249 27
2961 204 27
383 275 27
3626 204 27
3626 111 27
4643 199 27
2096 267 27
4696 49 27
2960 324 27
2961 222 27
1664 214 27
4702 49 27
1664 199 27
2529 199 27
1450 249 27
4389 204 27
2983 204 27
1678 342 27
2960 171 27
1877 29 27
3103 232 27
2529 232 27
2961 380 27
2959 199 27
4633 314 27
383 311 27
2961 249 27
0 29 27
4700 49 27
383 171 27
712 380 27
2960 275 27
4701 49 27
2960 204 27
1664 294 27
2960 282 27
2961 324 27
2529 294 27
2961 171 27
4699 49 27
678 3963 23
4362 3963 23
2142 3963 23
1941 4214 23
3963 3963 23
1439 4689 23
616 4689 23
1941 4225 23
4576 4214 23
3985 4557 23
4564 4677 23
2747 4689 23
1694 4689 23
1677 4557 23
3272 4899 23
1121 4689 23
1276 4899 23
3963 3702 23
3596 4530 23
1885 3963 23
983 1794 23
4532 4530 23
2395 4689 23
1922 4214 23
1550 3406 23
1656 3996 23
3497 4219 23
3527 4677 23
3596 4214 23
3119 3024 23
2845 4557 23
3900 4689 23
2511 4689 23
3701 4689 23
600 2536 23
1884 3963 23
2161 3670 23
3183 4214 23
631 3963 23
3603 1217 23
1337 1571 23
3210 3406 23
3240 538 23
3707 4634 54
3707 2900 54
3707 4079 54
2735 4634 54
3707 4076 54
3707 4078 54
4333 2900 54
2351 4634 54
3707 3372 54
169 4634 54
3707 3373 54
3707 4075 54
2735 3372 54
3707 4077 54
4133 2900 54
3707 4074 54
2095 4634 54
1452 2900 54
1291 4634 54
2735 2900 54
1270 2522 107
2688 2522 107
555 2613 107
2348 382 107
692 4366 107
1212 2522 107
2909 2522 107
3736 971 107
2151 2613 107
2381 2197 107
2643 2522 107
2648 2613 107
3677 4366 107
2685 4366 107
425 2613 107
1272 2522 107
2906 2522 107
2644 2522 107
4032 2522 107
4034 2522 107
2133 2522 107
554 2613 107
3676 2522 107
2908 2522 107
2438 2613 107
3927 2522 107
2905 2522 107
2332 2613 107
4039 2522 107
1273 2522 107
4038 2522 107
2381 382 107
2153 2522 107
3932 2522 107
3679 2522 107
3677 2522 107
4209 2613 107
2687 4366 107
424 2613 107
4035 4366 107
786 2613 107
4037 2522 107
3736 382 107
2907 2522 107
2223 2522 107
2348 2197 107
2264 2613 107
1274 2522 107
744 2613 107
1648 2522 107
2154 2522 107
2348 2613 107
691 2613 107
2684 2522 107
503 2522 107
4036 2522 107
3736 2197 107
2085 2522 107
2107 2522 107
2686 2522 107
2325 2613 107
4033 2522 107
460 2613 107
3541 4004 91
3345 3541 91
558 4004 91
4004 4004 91
3486 4004 91
3792 4004 91
3516 4004 91
1989 3988 91
4005 4003 91
736 3988 91
581 4004 91
3790 4004 91
3214 4773 15
2510 1759 15
3862 1759 15
1194 1759 15
1815 1759 15
3382 4773 15
2411 3175 15
2459 1759 15
4661 1759 15
2443 1759 15
4667 1759 15
4443 2935 15
4378 3030 15
1177 1759 15
2120 1759 15
1573 1759 15
3360 2935 15
1233 3175 15
4705 1759 15
4903 1759 15
4110 1759 15
3321 3175 15
4676 1759 15
2679 2967 15
4109 1759 15
4667 3383 15
2705 3030 15
3570 1577 20
3573 1577 20
1099 1577 20
4900 1577 20
1395 1577 20
4587 1577 20
3545 1577 20
3571 1577 20
3572 1577 20
397 1577 20
1569 1741 6
1479 1741 6
2749 4409 6
2165 4409 6
2166 1741 6
2452 1741 6
697 1741 6
420 1741 6
1787 1741 6
2748 4409 6
1476 1741 6
756 1741 6
2821 1741 6
1255 1741 6
1494 4409 6
2916 2537 130
4750 4828 130
4828 4828 130
4759 4830 130
4462 4828 130
4826 3437 130
4756 4828 130
4760 4831 130
1508 1508 130
4831 3439 130
4864 4828 130
3290 3438 130
4095 2883 116
3748 4619 116
1278 3136 116
4094 2883 116
3065 4619 116
4761 3379 116
4608 1524 116
2623 2483 116
2586 2454 116
2179 4619 116
3958 4765 116
3596 1320 116
1646 3453 116
2178 3958 116
2178 4619 116
2393 4764 116
3429 3725 116
2917 3522 116
2392 4765 116
3557 3724 116
1112 4619 116
2895 2894 116
1470 596 116
1976 4735 116
4024 3725 116
1953 2094 116
2386 4619 116
3302 1320 116
2021 4619 116
3955 3725 116
3163 3522 116
1682 3728 116
1579 3891 116
4476 2818 116
1847 2482 116
4581 3159 116
3455 1987 116
202 3725 116
2391 4764 116
3199 4803 116
2617 1320 116
1937 3159 116
4902 4764 116
3747 4619 116
2564 1524 116
4177 4373 116
4741 1986 116
1696 4619 116
3367 4619 116
3085 4619 116
4798 3133 116
2375 2797 116
3780 3518 116
696 3453 116
2977 4764 116
2751 4619 116
1362 3725 116
1811 167 64
967 167 64
3452 218 64
3452 167 64
1811 197 64
4232 3 64
3472 197 64
3452 152 64
4591 41 64
1814 152 64
1811 218 64
1812 152 64
4313 336 64
967 152 64
1812 218 64
4128 197 64
1527 152 64
2843 3510 64
1811 152 64
1814 197 64
1800 218 64
1810 197 64
967 197 64
1896 336 64
241 152 64
3452 197 64
4313 328 64
4224 2815 96
3684 2815 96
4224 2599 96
4837 2599 96
4846 3168 96
1331 2599 96
3433 2599 96
173 2871 96
2249 2815 96
1153 2815 96
2134 2815 96
790 2815 96
4062 2599 96
789 2815 96
4380 2516 96
1943 477 110
1211 2776 110
1540 2776 110
3279 2776 110
3274 2776 110
4413 2103 110
1009 3156 110
4435 2776 110
2301 4651 110
1427 2776 110
1595 2456 110
2301 2512 110
421 4784 110
4415 2424 110
521 2776 110
2181 2776 110
200 2776 110
3280 4780 110
1519 1541 110
3999 2776 110
3542 1790 110
470 4780 110
3282 2776 110
3277 4780 110
2183 2776 110
1883 4651 110
24 2776 110
3280 2776 110
4385 2422 110
1644 1821 110
2782 2169 110
3275 4780 110
1266 4784 110
2182 2776 110
1426 2776 110
3876 3140 110
3276 4780 110
3276 2776 110
3281 4780 110
1496 3624 30
4708 4375 30
99 4375 30
831 3624 30
4053 3624 30
1381 4375 30
3705 4375 30
776 3624 30
4388 3624 30
832 3624 30
777 3624 30
96 4375 30
4706 4375 30
2323 4375 30
1897 4375 30
4444 4375 30
618 3624 30
2661 4375 30
1086 4375 30
754 3624 30
617 4375 30
3540 4375 30
3149 4375 30
1176 4375 30
2049 3624 30
4622 4375 30
676 4375 30
4324 4375 30
833 3624 30
775 3624 30
2209 4375 30
2334 3624 30
2265 3624 30
1087 4375 30
1085 4375 30
93 4375 30
2817 3624 30
830 3624 30
1497 3624 30
3205 4375 30
1181 4375 30
2402 4375 30
2255 3624 30
2662 4375 30
2831 4375 30
1499 4375 30
4323 3624 30
2254 3624 30
2342 4375 30
1620 4375 30
1539 4375 30
2347 4375 30
774 3624 30
2769 3624 30
529 4375 30
1140 4375 30
3969 3624 30
4523 3624 30
2401 3624 30
4445 3624 30
2674 4375 30
531 4375 30
1791 3624 30
2766 4375 30
416 3624 30
4787 1319 115
338 3957 115
3735 3220 115
4230 1319 115
4097 4461 115
3073 3154 115
1431 1319 115
3340 1319 115
2915 3726 115
2925 1319 115
3034 1319 115
1431 3219 115
4309 4461 115
2857 3154 115
1119 1319 115
4306 3220 115
1785 4461 115
4212 3957 115
4657 1319 115
312 4157 115
308 1319 115
3160 3841 115
4311 4461 115
879 3220 115
4096 4461 115
2914 1319 115
1120 3154 115
304 3154 115
1431 3154 115
310 3154 115
1617 1319 115
1745 3154 115
1159 3154 115
4574 1319 115
303 3154 115
306 3154 115
239 3153 115
301 3154 115
3152 3154 115
309 4461 115
4893 4852 115
4308 1319 115
307 3220 115
1388 3153 115
3117 3153 115
4098 4461 115
4469 4461 115
4491 3154 115
3369 4461 115
4516 3154 115
4553 1319 115
277 3726 115
1469 1319 115
3116 3154 115
4455 3154 115
310 3153 115
1122 3154 115
2756 3220 115
3084 3220 115
3640 4461 115
1013 4461 115
1598 1319 115
302 3368 115
1118 3154 115
2185 1300 106
2188 1300 106
1478 970 106
2185 972 106
2185 984 106
3931 1300 106
1161 984 106
4635 984 106
2188 987 106
22 972 106
2188 972 106
2338 984 106
3307 1300 106
2997 972 106
2734 970 106
2336 984 106
4635 972 106
2572 970 106
4135 972 106
3687 987 106
443 1300 106
2765 972 106
933 984 106
3127 1300 106
2354 1300 106
406 1300 106
2911 984 106
4890 3072 73
3247 1654 73
3248 1654 73
4141 4868 73
2248 3723 73
2922 2921 73
3243 1654 73
4870 3292 73
2033 2029 73
3091 4868 73
2920 2921 73
4872 4875 73
3756 3751 73
2826 2825 73
4757 3751 73
901 4868 73
3302 3302 73
3752 3751 73
2032 2029 73
4880 2921 73
3258 2029 73
1655 1654 73
2034 2029 73
4228 2029 73
3271 2029 73
3246 1654 73
3519 1333 73
4883 4243 73
3642 4868 73
4883 1654 73
4882 1654 73
3162 1525 73
3261 2029 73
2031 2030 73
3852 480 86
3851 480 86
4152 2246 86
2256 480 86
3965 4685 86
782 3457 86
3850 480 86
4686 4685 86
3853 2281 86
3845 2281 86
749 480 86
3849 480 86
3848 447 86
2450 1268 86
3855 4685 86
4152 4685 86
3965 2246 86
3963 1268 86
3847 4685 86
4797 4685 86
1061 40 114
4476 4454 114
305 300 114
1152 1038 114
1431 268 114
4178 4454 114
1762 53 114
4123 1774 114
2863 1914 114
1431 315 114
4457 359 114
3899 39 114
3654 1187 114
4567 37 114
1059 300 114
3653 1774 114
2491 61 114
362 361 114
4436 1774 114
2610 4454 114
4178 1774 114
2237 39 114
4475 369 114
1431 298 114
3431 40 114
2293 53 114
1761 32 114
4122 3829 94
4881 4881 94
1657 4043 94
4691 4043 94
4120 3829 94
1738 2972 94
2972 2972 94
1657 4226 94
2570 4226 94
2201 2201 94
4195 4043 94
4809 4809 94
2570 4810 94
1446 4043 94
1074 4043 94
2570 4043 94
4195 2408 94
3804 4881 94
2199 2408 94
3102 4122 94
2274 2972 94
1912 2408 94
1657 4810 94
2202 2201 94
3804 2408 94
1908 4043 94
4122 285 93
4811 350 93
4120 285 93
4121 350 93
1557 3378 88
1129 3346 88
1556 3378 88
4817 4815 88
977 3378 88
1555 3378 88
2927 3378 88
1558 3378 88
1132 3346 88
976 3378 88
3890 3888 88
3773 3378 88
3984 3346 88
1559 4823 88
2033 982 87
4755 4827 87
4860 4818 87
3339 3339 87
4883 3338 87
3069 3348 87
2916 1302 87
3348 3348 87
4606 4460 87
3258 4227 87
4228 4227 87
3263 3587 87
3071 3348 87
3266 4227 87
4718 3348 87
3352 3352 87
4829 4829 87
4858 3348 87
4748 4825 87
192 3348 87
1262 4140 87
3357 3357 87
4859 3355 87
4749 3355 87
3283 3347 87
1129 3352 87
3105 3354 87
2031 3338 87
4118 3348 87
4029 3339 87
4517 3348 87
2284 3339 87
3959 3349 87
1136 3352 87
4141 4140 87
1133 3348 87
3245 4227 87
4450 3347 87
3561 1301 87
1173 3348 87
806 3339 87
4463 4830 87
1652 3348 87
2034 4227 87
4060 3352 87
2446 3348 87
3248 3587 87
1328 3352 87
4751 3357 87
4606 3356 87
4752 3380 87
2195 3348 87
1534 3348 87
3588 3587 87
3352 3348 87
1748 3348 87
2294 3348 87
4756 4828 87
1135 3352 87
3952 3348 87
4740 4828 87
1421 3348 87
3687 1043 71
4252 4785 71
3137 4785 71
2266 3770 71
2731 1044 71
3137 3742 71
4295 3303 71
3137 3741 71
3687 4021 71
3687 3770 71
3687 4785 71
2911 4332 71
2187 4021 71
3687 3743 71
2271 3770 71
3687 4912 71
2109 3770 71
874 2205 71
2187 3770 71
2190 4785 71
3185 1188 71
2187 4912 71
2338 4021 71
2270 4021 71
4297 4164 71
3185 3742 71
4734 4911 71
2187 3742 71
436 3742 71
1365 3742 71
1161 4332 71
2267 4021 71
933 3742 71
3744 3742 71
2271 4021 71
2268 3742 71
1365 3770 71
4734 4021 71
2190 1043 71
4004 3742 71
4734 3742 71
4734 4785 71
3137 4021 71
4135 2593 71
2190 4021 71
2190 3742 71
1365 4021 71
2189 3742 71
2190 1044 71
4734 3770 71
2187 1188 71
2186 3742 71
2190 1189 71
2270 3742 71
435 4021 71
4734 1044 71
4293 4164 71
3531 4021 71
435 3770 71
4245 4021 71
2731 4021 71
690 3604 62
2253 3604 62
3605 3604 62
2844 2842 62
4910 2842 62
4418 3604 62
2843 2842 62
2786 3454 62
4721 3604 62
3976 3604 62
514 3604 62
689 3604 62
3939 2842 62
3979 3604 62
4522 3604 62
688 3604 62
4419 3604 62
4678 3454 62
3606 3604 62
3508 1638 49
3514 1638 49
2874 1638 49
1174 1638 49
3720 1638 49
4386 1638 49
3515 1638 49
2208 1638 49
3475 1638 49
3093 1638 49
1169 1638 49
3495 1638 49
4671 1638 49
1942 1638 49
2853 1638 49
1560 227 36
1563 211 36
1565 132 36
2745 391 36
1563 259 36
2379 357 36
1116 392 36
2746 391 36
3126 227 36
3218 227 36
3123 132 36
3839 290 36
1562 259 36
3125 195 36
1561 211 36
1546 392 36
2948 392 36
4179 259 36
1610 355 36
1564 211 36
3838 355 36
3124 132 36
592 355 36
2399 129 125
4166 159 125
3474 2514 125
1646 124 125
1800 3293 125
1618 210 125
3676 4716 125
1826 128 125
1641 257 125
3473 4434 125
3452 1415 125
2500 4165 125
2957 129 125
1489 3225 125
3137 4393 125
3686 129 125
4711 4715 125
1960 2785 125
3027 1204 125
3686 133 125
2604 257 125
1641 2460 125
4271 257 125
1210 3038 125
2520 1144 125
3464 226 125
1414 1413 125
3304 160 125
3027 3027 125
4727 326 125
4166 1415 125
1749 4082 98
2242 4064 98
2488 4082 98
4136 4082 98
2384 2712 98
2384 3104 98
2774 3712 98
2384 4239 98
1098 4082 98
3641 4082 98
842 4684 98
2252 3712 98
1254 4082 98
842 2404 98
3067 4082 98
3830 4082 98
2384 2376 98
2384 4684 98
842 4155 98
842 4601 98
4259 1040 98
842 2712 98
2152 4082 98
842 2376 98
842 4064 98
2243 4082 98
842 4239 98
2461 2376 98
1768 1577 19
4211 1577 19
710 1577 19
2122 1577 19
4438 1577 19
209 1577 19
900 1577 19
809 1484 19
4325 1484 19
1259 1577 19
2349 1577 19
223 1484 19
1622 1577 19
141 1484 19
3364 1577 19
2067 1577 19
1619 1577 19
1468 1577 19
2012 1577 19
4318 1577 19
1501 1577 19
142 1577 19
2262 1577 19
891 1577 19
4628 1577 19
2008 1577 19
2337 1484 19
2045 1577 19
4320 1577 19
3442 1577 19
2952 1577 19
810 1577 19
785 1577 19
4319 1577 19
809 1577 19
1467 1577 19
2328 1577 19
4206 1577 19
4205 1484 19
2250 1577 19
2533 1577 19
1312 1577 19
847 1577 19
1466 1577 19
141 1577 19
1767 1577 19
1311 1577 19
3441 1577 19
3825 1484 19
821 1577 19
2519 1577 19
2352 2507 35
1298 4688 35
2352 1206 35
3925 2506 35
1336 2106 35
853 4687 35
1969 4687 35
2143 1206 35
4426 4687 35
2903 1206 35
2066 4687 35
717 4687 35
2352 2435 35
1336 1205 35
2352 2506 35
2903 2435 35
3928 2436 35
2903 2436 35
3928 2507 35
2455 4687 35
4360 4687 35
2902 2436 35
875 986 35
1554 4687 35
2352 986 35
1974 4687 35
2352 2436 35
2084 120 113
1644 154 113
2087 203 113
1509 280 113
3923 2521 113
1509 154 113
2083 379 113
2083 28 113
1801 249 113
1801 324 113
1634 323 113
493 340 113
1644 394 113
2083 154 113
496 94 113
1634 340 113
2083 323 113
1618 120 113
1634 28 113
2087 120 113
1542 248 113
1509 248 113
2772 203 113
494 340 113
671 203 113
3609 1065 113
4648 84 113
3609 1066 113
497 28 113
1509 84 113
1645 1638 53
3812 2754 53
681 1638 53
4501 2754 53
2640 2754 53
2830 2754 53
1350 2754 53
2278 1638 53
4328 2754 53
682 1638 53
564 1638 53
3022 1638 53
457 1638 53
400 2754 53
570 2754 53
3071 2754 53
827 2754 53
4712 2754 53
828 1638 53
1275 2754 53
3813 2754 53
4607 2754 53
1351 2754 53
4500 1638 53
751 2754 53
2327 2754 53
3449 1638 53
4505 1638 53
3661 2754 53
818 1638 53
419 2754 53
4188 2754 53
3450 2754 53
4180 2754 53
2724 2754 53
2353 1638 53
1612 1638 53
1105 1638 53
450 2754 53
418 2754 53
557 1638 53
2828 1638 53
3402 2754 53
4326 2754 53
2132 1638 53
4503 2754 53
2970 1638 53
1776 2754 53
4504 1638 53
3811 1638 53
3915 1287 61
504 1445 61
1584 1445 61
4448 1287 61
3174 1287 61
1287 1287 61
2052 1287 61
823 1287 61
664 3607 61
3917 3607 61
2044 1287 61
2969 1445 61
659 1287 61
1779 3607 61
1409 1287 61
3912 1287 61
1584 1287 61
4442 1287 61
1286 1287 61
661 1287 61
826 1445 61
4447 1287 61
3914 3607 61
4274 1445 61
2849 1287 61
2973 1287 61
4273 1287 61
4364 1287 61
658 1287 61
4027 1287 61
3911 1287 61
2736 3607 61
2043 1287 61
1288 1287 61
2048 1287 61
1784 1287 61
2039 1287 61
1781 1287 61
3077 1287 61
2053 1287 61
3821 1287 61
2848 1287 61
3192 3607 61
1690 1287 61
2850 1287 61
824 1287 61
2846 1287 61
2054 1287 61
2042 1287 61
2041 1287 61
2038 1287 61
1691 1287 61
1783 1287 61
1406 1445 61
1778 1445 61
4639 3607 61
484 1287 61
1464 1287 61
2847 1287 61
3643 1287 61
3916 1287 61
2055 1287 61
2050 1287 61
662 1287 61
1780 1287 61
4363 1287 61
1782 1445 61
2543 3809 117
1649 3809 117
1794 3809 117
983 3809 117
1023 3809 117
3020 3809 117
1843 3809 117
3880 3809 117
3543 3809 117
1651 3809 117
1578 3809 117
3021 3809 117
3884 3809 117
3884 2861 117
1943 2967 1
4533 2967 1
3157 1759 1
409 2967 1
4599 2967 1
1026 1155 1
1026 2935 1
1026 3595 1
2174 1155 1
4598 2967 1
4019 2967 1
1369 2314 74
2058 1516 74
2098 2609 74
3406 2609 74
3057 2609 74
739 2609 74
3057 1385 74
2743 2609 74
2221 2609 74
3055 1516 74
461 2609 74
3112 2609 74
3210 2609 74
3406 1516 74
759 2609 74
1550 2609 74
935 2609 74
663 2609 74
4492 2609 74
2218 2609 74
4783 2609 74
3409 2609 74
1829 1516 74
2220 2609 74
1472 2609 74
1840 2609 74
937 2609 74
1349 2609 74
1068 2609 74
3404 2609 74
2164 2609 74
1819 2609 74
1511 2609 74
1477 2609 74
1553 2609 74
4103 2609 74
3109 2609 74
1349 2314 74
2709 2609 74
515 2609 74
2219 2609 74
1222 2314 74
1222 2609 74
410 2609 74
2735 117 55
3707 1315 55
2351 1316 55
1452 1315 55
2350 1316 55
4133 1315 55
2735 1316 55
539 1315 55
1291 1318 55
4153 1316 55
4424 1316 55
4269 251 57
3864 231 57
3196 251 57
3110 174 57
5 206 57
511 251 57
2867 251 57
1831 281 57
1831 231 57
474 251 57
1831 174 57
2866 251 57
4641 174 57
1424 231 57
2858 251 57
1424 329 57
752 251 57
4641 281 57
1927 206 57
614 251 57
4641 231 57
4277 251 57
2691 276 57
2194 231 57
1373 206 57
2683 329 57
4278 251 57
4357 2595 8
3820 2595 8
4210 2593 8
3818 278 8
2078 2593 8
2026 2593 8
1269 2595 8
2344 2595 8
2350 1318 8
4270 2595 8
4629 2593 8
3963 2595 8
2095 201 8
3817 2595 8
3707 92 8
4424 1318 8
2149 2593 8
2346 2595 8
3819 2595 8
2351 1318 8
4359 2595 8
2791 2595 8
2345 2595 8
1379 2593 8
1900 2593 8
2326 2595 8
3289 2595 8
465 2595 8
356 2593 8
1824 2593 8
3088 2593 8
3486 4524 90
3541 4014 90
3486 4014 90
4004 4524 90
4004 2245 90
4004 4014 90
3541 4524 90
3541 2245 90
3792 4014 90
581 4014 90
3627 2752 76
4310 2752 76
4612 1329 76
1881 2752 76
3227 2752 76
1232 2752 76
4099 2752 76
4101 2752 76
4865 2752 76
4100 2752 76
4544 3659 76
3633 2752 76
4238 2752 76
3428 3659 76
3521 2752 76
2192 2752 76
1231 2752 76
3207 2752 76
3857 2752 76
4904 2752 76
2989 2752 76
2320 2752 76
2877 2752 76
4544 2752 76
2036 3659 76
899 2752 76
1839 2752 76
1839 3659 76
3632 2752 76
1637 2752 76
4636 2752 76
2551 1789 76
2025 2752 76
144 2752 76
4612 2752 76
3144 2752 76
3366 3659 76
2886 1789 76
3222 2752 76
2023 2752 76
1621 2752 76
143 2752 76
2377 2752 76
2036 1789 76
3645 2752 76
4474 2752 76
4102 2752 76
3023 2752 76
2184 2752 76
2127 2800 56
1461 2800 56
509 2593 56
500 2593 56
507 2800 56
455 2800 56
993 2593 56
1462 2800 56
633 2800 56
2089 2800 56
454 2800 56
4425 2593 56
506 2593 56
2088 2800 56
426 2800 56
1289 2593 56
656 2593 56
1816 2593 56
453 2800 56
1817 2593 56
1500 2593 56
2860 2593 56
2860 2800 56
1213 2800 56
456 2800 56
2126 2800 56
648 1638 45
636 1638 45
646 1638 45
134 1638 45
635 1638 45
643 1638 45
2168 4560 45
1234 1638 45
138 1638 45
670 1638 45
866 1638 45
602 1638 45
641 1638 45
135 1638 45
642 1638 45
4485 1638 45
841 1638 45
139 1638 45
637 1638 45
839 1638 45
3730 1638 45
3592 4560 45
137 1638 45
647 1638 45
838 1638 45
840 1638 45
867 1638 45
3592 4561 45
475 1638 45
3300 1638 45
639 1638 45
640 1638 45
645 1638 45
479 1638 45
3486 1475 89
3541 1475 89
4004 1475 89
581 1475 89
3790 1475 89
3792 1475 89
3516 1475 89
835 1475 89
3707 2594 7
3707 2596 7
2095 2594 7
2350 2594 7
3316 2594 7
562 2594 7
3707 446 7
4133 2594 7
4422 2594 7
2735 2594 7
169 2594 7
1452 2594 7
3944 3944 95
1261 3944 95
3528 388 95
3054 3944 95
3831 3944 95
3874 3944 95
2930 3944 95
3053 3944 95
1294 3944 95
3052 3944 95
4340 675 124
4340 481 124
3961 402 124
4340 482 124
2985 675 124
746 675 124
3961 401 124
4342 675 124
1263 402 124
2854 675 124
4341 675 124
746 402 124
283 3997 97
832 3824 97
2335 3824 97
531 3824 97
1081 1318 97
1088 1318 97
754 3997 97
4445 3148 97
93 1318 97
3560 3822 97
416 3822 97
1085 1318 97
3205 3997 97
1086 1318 97
1176 3822 97
2769 3824 97
1271 3997 97
773 3824 97
617 3824 97
2660 3148 97
4444 3824 97
4706 3148 97
2159 3148 97
4324 3824 97
1897 3997 97
2817 3824 97
2769 3997 97
2711 3822 97
4622 3148 97
2674 3148 97
430 3824 97
4053 3997 97
2766 3824 97
1367 3824 97
1084 1318 97
1082 1318 97
1140 3997 97
1087 1318 97
748 3824 97
831 3824 97
2265 3824 97
2403 3824 97
2833 3824 97
4446 3824 97
2662 3148 97
3705 3824 97
3540 1318 97
2254 1318 97
4388 3824 97
96 3997 97
776 3824 97
3868 3824 97
679 3824 97
1498 3824 97
805 1318 97
3868 1318 97
2661 3997 97
805 3824 97
2401 3824 97
408 3824 97
529 3822 97
2772 3997 97
1496 3824 97
1570 3822 97
2209 3997 97
2334 4204 97
4054 3824 97
2010 3822 97
4708 3148 97
833 3824 97
830 3824 97
2322 3997 97
1497 3824 97
398 3148 97
4016 3997 97
1381 3824 97
2834 3148 97
1791 3148 97
3859 1697 97
2049 3148 97
1620 3824 97
1083 1318 97
4322 3824 97
3928 2240 34
2143 2240 34
2352 2240 34
3929 2240 34
2352 3408 34
2904 2240 34
2903 2240 34
2903 3408 34
3924 2240 34
875 2239 34
2903 4365 34
3309 1752 26
3512 1827 26
3031 1752 26
3940 1423 26
4672 1827 26
3032 1752 26
3242 1154 17
1757 1154 17
553 2167 17
2695 2167 17
3089 2167 17
2573 2167 17
4114 4116 17
1428 1154 17
3586 2158 17
2707 2167 17
2678 2167 17
463 2167 17
2676 3179 17
2700 2167 17
1429 3879 17
2675 2167 17
4679 3879 17
3793 1022 17
3398 2167 17
3892 2158 17
4592 2167 17
3673 3879 17
2701 2167 17
2702 3179 17
3375 619 17
4572 2167 17
687 1154 17
2703 2167 17
438 2158 17
3590 2158 17
3672 1154 17
2696 2167 17
1428 3879 17
2150 1154 17
1363 2167 17
2677 2167 17
54 4869 17
2647 2167 17
417 1154 17
1418 3879 17
4031 1154 17
3790 1629 32
3541 1629 32
3541 995 32
3486 1629 32
4004 1629 32
558 1629 32
3516 1629 32
835 1629 32
581 1629 32
4004 995 32
4088 3883 82
4208 3883 82
4087 3376 82
4088 3376 82
2665 2180 82
2343 3376 82
2339 3376 82
4207 3883 82
2340 3376 82
4085 3883 82
2664 2180 82
3029 3376 82
4090 3376 82
4085 3376 82
3657 3376 82
2716 3376 82
1905 2180 82
4087 3883 82
2538 3376 82
2341 3376 82
4083 3883 82
4084 3883 82
4089 3376 82
4573 3610 16
3612 3610 16
3614 3610 16
1544 3610 16
2696 2893 16
213 3610 16
1958 3610 16
1685 3610 16
2090 3610 16
2173 3610 16
1805 3610 16
2678 2893 16
3617 3610 16
3613 3610 16
3615 3610 16
2659 3610 16
2702 3610 16
3295 2822 16
3616 3610 16
2682 3610 16
1763 3610 16
1436 3610 16
2112 3610 16
3097 3610 16
1006 3610 16
2634 3610 16
2641 3610 16
2656 3610 16
1545 3610 16
4596 3610 16
4113 1759 16
3618 3610 16
1240 1759 16
1107 1759 16
1008 3610 16
3215 3610 16
2095 4717 42
3468 3037 42
3703 4717 42
2606 4015 42
3467 3297 42
1209 4717 42
4466 4717 42
3704 4717 42
2487 4717 42
3708 4717 42
1567 368 12
2291 175 12
2289 1358 12
2091 3802 12
2290 4255 12
1568 3796 12
4547 1358 12
2288 112 12
2292 112 12
2699 157 12
4539 3799 12
2287 157 12
4480 172 12
4541 3801 12
2289 157 12
2286 112 12
2291 112 12
1441 3798 12
1440 3800 12
1848 116 12
4548 157 12
4540 3797 12
1361 350 12
2287 112 12
2874 1430 69
399 1630 69
399 4321 69
2252 1825 69
3396 3395 69
3076 3639 69
1574 1913 69
3464 1898 69
1574 1899 69
1012 1042 69
1574 1017 69
3217 2413 69
4136 2413 69
1156 1028 69
1031 1028 69
1627 1348 69
1574 4647 69
399 1057 69
3081 1899 69
1673 1676 69
399 1184 69
1574 2548 69
1698 3395 69
3911 4638 69
4237 1028 69
3078 1378 69
1574 1676 69
399 2080 69
3081 2077 69
4739 1028 69
2979 3413 69
3637 1973 69
399 1028 69
399 3395 69
399 1378 69
1011 1028 69
4025 2413 69
399 1823 69
399 2618 69
399 3644 69
3678 3018 69
4867 1878 69
1058 1057 69
1193 3068 69
1036 1387 69
399 1676 69
399 3182 69
399 4638 69
399 3070 69
399 4719 69
1574 1911 69
1326 2413 69
2176 2413 69
1574 3644 69
1574 4772 69
4237 3414 69
3830 3413 69
1574 3182 69
1574 4566 69
2737 1028 69
1574 3018 69
1574 4081 69
3058 1583 69
1574 1892 69
2461 2413 69
1098 4719 69
2011 1028 69
3078 1676 69
399 4566 69
3678 1279 69
2880 1583 69
3982 191 9
4181 228 9
4612 75 9
4544 287 9
1978 3033 9
4893 373 9
3064 43 9
4202 3203 9
1880 2115 9
1839 64 9
4636 131 9
1839 23 9
4801 274 9
3632 97 9
3591 234 9
2601 3564 9
1839 194 9
1015 155 9
1675 374 9
2890 44 9
3583 273 9
1440 3803 9
3520 19 9
4202 3204 9
3221 18 9
3447 1904 9
4456 365 9
3755 101 9
4893 198 9
3090 3795 9
2383 125 9
1599 296 9
4753 327 9
1549 59 9
4099 193 9
4866 335 9
1258 4220 9
3083 2 9
1488 10 9
1839 18 9
4138 295 9
1917 3203 9
1052 2816 78
2535 2534 78
1054 2816 78
3312 2816 78
2331 2816 78
1053 2816 78
2329 2816 78
672 2816 78
3013 2816 78
981 2534 78
4722 2816 78
3012 2534 78
2330 2816 78
4723 2534 78
1051 2816 78
196 2816 78
1050 2816 78
3471 2534 78
3011 2816 78
3922 2816 78
2524 2816 78
1633 4664 13
4006 4664 13
2375 4663 13
3946 2547 13
3151 1422 13
2715 1422 13
4847 4664 13
4609 4664 13
4195 4664 13
3071 1391 13
3637 4664 13
3071 1516 13
3596 4664 13
903 2517 13
3118 2517 13
4881 4664 13
2198 4664 13
4578 4664 13
100 2517 13
4535 4664 13
3118 1422 13
4909 1391 13
1005 1192 13
3129 2517 13
1903 4664 13
2505 4663 13
3130 1391 13
123 4664 13
4581 4664 13
3121 2517 13
1907 4664 13
3860 2517 13
433 4664 13
1215 4664 13
2884 4664 13
1293 2547 13
2598 2547 13
3601 4664 13
3337 4664 13
4315 3837 13
2374 4664 13
1314 4664 13
3861 1516 13
3334 4664 13
1688 4663 13
4483 3837 13
1374 2517 13
1196 4664 13
2432 2429 13
2739 4664 13
2420 1390 13
1956 4664 13
4482 1391 13
3122 1422 13
2373 4663 13
3120 1422 13
902 2517 13
2612 4664 13
3130 1516 13
1049 4664 13
4136 4664 13
3131 3837 13
4579 4664 13
4241 4664 13
1794 4664 13
3600 4664 13
2203 4664 13
2715 3837 13
4879 4664 13
4851 4664 13
3131 1516 13
1164 4664 13
1375 1391 13
4703 1750 79
4111 3138 79
2665 4372 79
4041 3138 79
3178 2864 79
1573 3143 79
3524 4372 79
1465 3138 79
3815 4372 79
4256 1750 79
4289 3143 79
2498 4770 79
1405 1750 79
599 3517 79
2597 4372 79
4421 3143 79
2681 4770 79
4769 3138 79
1021 3517 79
240 3517 79
2086 3143 79
3896 3158 79
1871 4552 79
3623 1750 79
3525 4372 79
2655 4372 79
1608 3138 79
2499 3158 79
4570 1750 79
3898 3176 79
1382 3138 79
3138 3138 79
2093 1750 79
4571 1750 79
2092 1750 79
2726 3138 79
1382 3143 79
1573 3138 79
2692 4770 79
2824 1750 79
4288 3143 79
761 3143 79
1804 1750 79
3139 3138 79
4813 3138 79
1957 3138 79
1284 3138 79
1020 3517 79
2172 1750 79
2585 3138 79
3328 4552 79
2171 3138 79
1404 3143 79
3895 4770 79
4770 4770 79
2965 3143 79
2725 3138 79
1383 3143 79
2076 3158 79
1195 3143 79
2116 1750 79
1828 1750 79
2119 3138 79
4669 3143 79
4704 3138 79
431 4372 79
4107 3138 79
2690 4372 79
3184 3517 79
2138 3143 79
3301 3138 79
579 1750 79
2951 4552 79
2764 3517 79
2498 1750 79
2526 3138 79
2630 1750 79
3893 3138 79
4668 3138 79
2629 1750 79
2671 4770 79
3173 3336 28
1364 3336 28
518 3842 28
2732 3336 28
3302 3302 28
3885 2177 28
3169 3336 28
4379 3336 28
1991 3877 28
849 2177 28
3937 3877 28
877 3336 28
3752 3751 28
2826 2825 28
519 2177 28
3732 3722 28
3756 3751 28
2922 2921 28
816 2177 28
858 2177 28
4171 2177 28
3954 3953 28
3887 2177 28
517 2177 28
3172 3336 28
4303 3878 28
2812 4786 28
2003 3336 28
4656 3336 28
3758 3751 28
2757 3336 28
4173 3842 28
3757 3751 28
4796 3336 28
2733 3336 28
3886 2177 28
1203 2177 28
3754 3751 28
3108 3336 28
4411 3336 28
3171 3336 28
2923 2921 28
4653 2825 28
1991 3878 28
767 2177 28
1504 3877 28
3435 3336 28
3667 3336 28
3170 3336 28
4303 3877 28
1162 3336 28
3907 3907 28
4172 3842 28
4440 1333 28
3981 3377 28
1793 3336 28
2492 4316 28
4154 2825 28
1160 3336 28
2611 4774 28
2729 3336 28
834 3336 28
707 1740 102
651 3197 102
2928 1740 102
2885 4217 102
702 1740 102
4353 1740 102
4352 4370 102
429 4217 102
4351 3197 102
704 1740 102
708 1740 102
478 2481 102
2975 4559 102
3042 2481 102
3141 3142 102
3546 4217 102
2359 3577 102
2892 3197 102
705 1740 102
722 3197 102
1228 4217 102
4391 4355 102
4559 4559 102
3919 2481 102
3078 1740 102
458 3608 102
701 1740 102
3909 2481 102
244 2481 102
289 4370 102
4349 1740 102
4906 3197 102
711 1740 102
3901 4559 102
245 2481 102
4218 4217 102
1739 1740 102
1185 4559 102
3451 3197 102
2984 3197 102
4545 4559 102
1227 2481 102
1227 973 102
2549 1740 102
242 4355 102
700 1740 102
3041 2481 102
3901 4355 102
698 1740 102
709 1740 102
706 1740 102
703 1740 102
403 4217 102
428 4217 102
4536 1740 102
4368 4370 102
1959 4370 102
4896 1740 102
4905 3197 102
4356 3608 102
4908 4354 102
1325 4559 102
3901 1740 102
3547 3577 102
4908 3197 102
3198 1740 102
366 4217 102
4907 1740 102
2355 3197 102
4367 4370 102
2550 1740 102
4217 4217 102
2929 4370 102
3902 3197 102
652 3197 102
2571 1740 102
3903 3197 102
3079 4217 102
3460 985 10
2694 1643 10
415 1643 10
1519 985 10
1239 974 10
1518 974 10
740 1643 10
4775 3569 10
3460 969 10
2213 3569 10
3057 3569 10
2160 1643 10
763 3569 10
3319 3569 10
3905 1643 10
760 1643 10
3308 969 10
3460 974 10
4294 1643 10
3296 985 10
738 3569 10
3320 3569 10
3039 1643 10
4008 3569 10
3611 3569 10
3166 974 10
4046 3569 10
3318 1643 10
3039 3569 10
1238 974 10
1237 974 10
1239 985 10
1764 4050 10
3167 974 10
1519 974 10
1352 974 10
2557 1643 10
1658 2503 10
1518 985 10
3296 974 10
764 3569 10
649 1643 10
462 3569 10
753 3569 10
2795 354 39
3876 27 39
1990 279 39
1001 322 39
1246 20 39
2784 354 39
4595 322 39
3876 153 39
3876 322 39
1543 27 39
1001 246 39
3025 27 39
1988 86 39
3713 246 39
4680 27 39
3816 246 39
4729 354 39
1003 27 39
2744 322 39
1283 119 39
4486 322 39
2496 246 39
3322 27 39
1647 153 39
1802 118 39
1281 246 39
3232 212 39
1642 118 39
2302 322 39
4543 322 39
2075 1606 39
4001 246 39
2081 297 39
1989 215 39
3897 118 39
512 3580 75
981 3580 75
1004 3035 75
427 3580 75
2689 2428 75
3581 3580 75
3533 2775 75
4490 3580 75
3040 3580 75
11 3580 75
979 3035 75
684 3580 75
3039 3580 75
1201 3580 75
978 2428 75
2394 3580 75
1419 2428 75
3212 2775 75
3213 2775 75
3212 3580 75
3209 3580 75
3424 2428 75
3436 3035 75
2963 3580 75
3423 3580 75
3039 2775 75
3420 3580 75
2211 3580 75
3405 3580 75
999 3580 75
3832 2775 75
2028 2428 75
3417 3580 75
980 2775 75
2689 2775 75
2971 3580 75
2689 3580 75
1137 3580 75
1199 3580 75
3363 2775 75
263 3580 75
3436 3580 75
1198 3580 75
2028 3035 75
1419 3035 75
3419 3580 75
4490 3035 75
1004 3580 75
1632 3580 75
2028 3580 75
3424 3580 75
3426 3580 75
2963 2775 75
3421 3580 75
1115 2775 75
3099 3580 75
1200 3580 75
1658 3035 75
4490 2775 75
1419 3580 75
3426 2775 75
1139 2775 75
3424 2775 75
892 2775 75
3419 2775 75
4040 2775 75
1221 2428 75
1221 3580 75
3420 2775 75
4542 3580 75
4105 3580 75
1689 2775 75
4106 3580 75
3425 3580 75
890 2775 75
2971 2428 75
4490 2428 75
890 3580 75
1197 3580 75
3211 2775 75
1689 3580 75
317 3580 75
1915 4223 41
2427 4223 41
3695 4371 41
1299 1186 41
3579 4223 41
2718 4371 41
3716 4371 41
1915 4371 41
1920 4223 41
4144 4371 41
742 4371 41
1909 4371 41
2437 4371 41
140 1186 41
3788 4371 41
2544 4371 41
4537 4223 41
4730 4371 41
1572 4371 41
2721 4371 41
1915 3622 41
449 4371 41
3487 4371 41
1168 4371 41
4145 4371 41
510 3622 41
3986 4371 41
3344 1186 41
1916 4551 41
243 4371 41
1480 1186 41
4537 4551 41
3986 3622 41
1097 4371 41
601 4223 41
725 4371 41
1481 3622 41
1919 4371 41
2441 3622 41
2434 4371 41
4142 4371 41
3488 4371 41
4143 4371 41
3465 3622 41
3787 4371 41
2057 4371 41
3785 4371 41
476 4371 41
3344 4371 41
3466 4371 41
3416 4371 41
1625 4371 41
2440 4371 41
2444 3622 41
1571 4371 41
1915 4551 41
2717 4371 41
3786 4371 41
629 3622 41
2566 1186 41
3791 3622 41
2427 4371 41
3783 4551 41
1072 4371 41
1503 4371 41
3789 4551 41
2114 4371 41
513 4371 41
523 4371 41
3987 4371 41
4495 4551 41
1480 4371 41
3284 4371 41
919 2841 24
4789 2841 24
3554 1063 24
1593 1063 24
907 2841 24
1589 1063 24
1850 1063 24
912 2841 24
3390 1062 24
2540 2541 24
916 2841 24
1590 1063 24
924 2841 24
925 2841 24
929 2841 24
3374 2841 24
906 2841 24
390 1063 24
922 2841 24
918 2841 24
4479 1063 24
1290 2841 24
3399 2841 24
4556 1063 24
928 2841 24
3492 1063 24
913 2841 24
923 2841 24
1594 1062 24
909 2841 24
2016 1062 24
1591 1063 24
3273 1063 24
4614 1063 24
915 4645 24
4615 1063 24
1576 1063 24
926 2841 24
4555 1063 24
730 1063 24
908 2841 24
898 2841 24
2017 1063 24
2014 1063 24
2018 1063 24
920 2841 24
4671 1930 24
694 2841 24
2019 1063 24
911 2841 24
1972 1063 24
914 2841 24
927 2841 24
917 2841 24
910 2841 24
4170 2841 24
1731 2247 123
1734 2247 123
1713 2247 123
4662 2247 123
3483 2247 123
1722 2247 123
1732 2247 123
1699 2247 123
78 2247 123
1715 2247 123
1707 2247 123
1712 2247 123
1714 2247 123
716 2247 123
1717 2247 123
1729 2247 123
1701 2247 123
371 2247 123
1720 2247 123
1708 2247 123
852 2247 123
2753 2247 123
1709 2247 123
1711 2247 123
1726 2247 123
1721 2247 123
1723 2247 123
1737 2247 123
713 2247 123
1703 2247 123
1718 2247 123
1719 2247 123
1710 2247 123
1702 2247 123
1730 2247 123
1725 2247 123
1727 2247 123
2430 2247 123
4427 2247 123
2982 2247 123
1728 2247 123
77 2247 123
2022 2247 123
1733 2247 123
714 2247 123
715 2247 123
1706 2247 123
1705 2247 123
1735 2247 123
3828 2247 123
4733 2247 123
2486 2247 123
2508 625 31
573 72 31
2637 339 31
954 262 31
944 262 31
576 67 31
2636 339 31
589 67 31
3727 114 31
585 333 31
778 83 31
942 149 31
947 262 31
941 79 31
4799 74 31
3361 166 31
941 149 31
572 148 31
584 147 31
945 262 31
582 625 31
3759 114 31
1247 3343 31
949 262 31
540 3343 31
575 71 31
3362 292 31
575 70 31
942 150 31
950 262 31
778 3187 31
587 66 31
948 262 31
574 72 31
590 67 31
946 262 31
1342 292 31
586 66 31
589 3343 31
2918 114 31
766 147 31
955 262 31
2986 292 31
591 66 31
942 79 31
4799 73 31
585 261 31
3706 1666 44
1668 1537 44
1670 1638 44
1463 1537 44
2589 1537 44
2602 1537 44
3962 1638 44
2602 1666 44
2789 1666 44
2241 2754 44
3458 1537 44
3458 1666 44
4134 2754 44
4358 3826 44
4361 1666 44
673 1537 44
2588 1666 44
1458 1537 44
2869 1537 44
2144 1537 44
2605 1537 44
2382 1666 44
2603 1666 44
25 1666 44
3963 1537 44
1457 1666 44
170 1638 44
4093 1666 44
469 1638 44
3688 1666 44
3450 1665 44
3875 1638 44
4359 3826 44
4359 1537 44
1671 1638 44
3774 1666 44
1668 1638 44
4092 1537 44
4731 1638 44
1538 1537 44
762 1638 44
4093 1537 44
1547 1666 44
3854 1638 44
1669 1537 44
4129 1666 44
4132 1666 44
4894 2754 44
1667 1638 44
4091 1666 44
3971 1537 44
1267 1537 44
1672 1638 44
2451 1638 44
3775 1666 44
2099 2754 44
3972 1537 44
1459 1537 44
363 2527 29
2475 2527 29
1602 2527 29
4674 2527 29
2251 2919 29
1773 2527 29
4781 2919 29
3715 2527 29
2465 2527 29
2463 2919 29
2472 2527 29
2471 2527 29
1282 2919 29
1653 2919 29
4672 2527 29
1370 2919 29
2473 2527 29
1603 2527 29
3650 2527 29
2621 2527 29
4213 2527 29
4423 2919 29
4835 2527 29
2476 2527 29
2397 2527 29
1614 2919 29
2709 2527 29
2464 2527 29
4213 994 29
4337 2527 29
4586 2527 29
3699 2919 29
2478 2919 29
1695 2527 29
2474 2527 29
3164 2527 29
2480 2527 29
2302 2527 29
4675 2919 29
2468 2527 29
1772 2919 29
2466 2527 29
3155 2919 29
2420 2527 29
2470 2919 29
2469 2527 29
2479 2527 29
1744 2527 29
4673 2527 29
3228 2527 29
1244 3718 29
1370 2527 29
1611 2527 29
1242 2527 29
2398 2919 29
4215 2527 29
1296 2527 29
2425 2527 29
1505 2527 29
3578 3566 59
1165 3566 59
1166 3873 59
472 2835 59
1166 3566 59
1843 1742 59
1166 2966 59
3479 2835 59
3476 3873 59
3578 3873 59
2936 2835 59
3480 2835 59
3332 3566 59
3990 3566 59
1886 2835 59
1623 3566 59
4767 3566 59
1843 3566 59
1886 3566 59
3484 2835 59
1651 3566 59
3480 3873 59
2936 3566 59
1166 2835 59
1416 3566 59
2939 3566 59
2934 3873 59
1794 3566 59
3598 3566 59
1843 2835 59
2940 3566 59
3951 3566 59
4526 3873 59
1886 2966 59
2941 3566 59
1055 2835 59
3494 3873 59
2282 2966 59
1650 3873 59
2940 1742 59
4527 3873 59
3477 3566 59
2530 3566 59
1649 3566 59
4577 1742 59
1416 2835 59
473 2835 59
471 2835 59
1886 3872 59
4017 2966 59
1626 2835 59
3490 1742 59
3598 3873 59
1887 3873 59
1171 1742 59
1624 2835 59
1886 3873 59
2282 3566 59
2282 3873 59
3480 2966 59
3021 2835 59
3945 2966 59
3544 3566 59
2943 2295 67
2943 1526 67
4833 4831 67
2943 4831 67
2493 2244 67
2234 2827 67
4304 1743 67
2943 2296 67
4832 4831 67
2234 2244 67
3680 4831 67
4528 1526 67
4304 2244 67
3223 2244 67
3298 2244 67
4528 1743 67
3680 2244 67
4611 4831 67
4528 2244 67
2943 2244 67
4528 2755 67
2234 4831 67
4451 2827 67
1025 4831 67
4404 1208 60
3480 3685 60
1886 1208 60
3598 1208 60
1886 2495 60
3484 2417 60
3578 2495 60
4405 2495 60
1171 2742 60
1843 1208 60
1650 1208 60
3480 2742 60
2936 3574 60
4404 2416 60
1903 2741 60
1649 2741 60
2940 2495 60
1166 3574 60
1166 2495 60
2282 1208 60
3476 2191 60
3480 2741 60
3332 2416 60
1515 2742 60
2941 2495 60
4404 3574 60
1843 2191 60
1843 2741 60
1165 2796 60
4720 1208 60
1515 4221 60
2494 3574 60
3945 2495 60
3477 2416 60
1166 2741 60
1843 2742 60
3578 1208 60
1901 3095 60
3479 2741 60
3598 2495 60
2940 2416 60
2939 2742 60
4526 1208 60
1166 2416 60
4771 2416 60
4231 1208 60
4580 4221 60
2227 4221 60
1650 2416 60
3884 1208 60
1650 2495 60
2936 2741 60
3480 2417 60
3021 2416 60
3484 2741 60
3491 3685 60
4720 2495 60
3490 2741 60
1794 3685 60
1651 2416 60
3479 2742 60
1843 2796 60
4240 2742 60
1843 2495 60
1171 2416 60
3329 3685 60
1649 2416 60
1055 1208 60
3476 2741 60
1864 2501 120
3353 2501 120
4392 3625 120
3071 3625 120
1399 2501 120
2992 2501 120
4513 2501 120
1995 2501 120
2577 2501 120
1996 3625 120
2501 2501 120
2000 3625 120
4515 2501 120
2578 4201 120
4071 4201 120
1533 3625 120
3350 2501 120
2579 3625 120
4148 3625 120
4067 4201 120
4073 2501 120
2060 3625 120
2669 2501 120
1587 3625 120
4069 2501 120
4150 3625 120
2898 2155 120
2881 2501 120
4072 2501 120
4279 2501 120
869 2501 120
2575 2501 120
2584 4201 120
4565 2407 120
4300 3625 120
1998 4201 120
1303 4201 120
2882 2501 120
4070 2501 120
3381 4201 120
4766 2501 120
1392 2155 120
4853 2501 120
4146 4201 120
1863 2501 120
4148 2155 120
4146 2501 120
4067 2155 120
1397 2155 120
1147 2501 120
2580 3625 120
634 2407 120
1523 4201 120
3652 3625 120
2581 2501 120
1397 2501 120
3995 2501 120
1867 4201 120
964 2501 120
1868 4201 120
2673 2501 120
4149 2155 120
2380 2501 120
1997 4201 120
4713 3625 120
3386 2501 120
1993 4201 120
2072 4201 120
4147 3625 120
1879 2501 120
2583 2501 120
2406 2407 120
1230 3625 120
2433 4201 120
4072 3625 120
2062 3625 120
871 2501 120
1148 3625 120
870 2501 120
2574 4201 120
2405 4201 120
2073 4201 120
2001 2155 120
4147 2155 120
1965 4201 120
4149 3625 120
4802 2501 120
2658 2501 120
1862 2501 120
2899 2501 120
1999 2501 120
1398 2501 120
2061 4201 120
2576 4201 120
1867 2155 120
606 4437 112
1174 4437 112
2874 4437 112
4264 3719 112
3475 4437 112
405 4437 112
1250 2321 112
2874 3866 112
2874 3719 112
594 4437 112
610 4437 112
1174 4258 112
3394 4437 112
2208 4437 112
3393 4437 112
1926 4437 112
2316 4437 112
1241 4437 112
1253 4437 112
4382 3719 112
4386 4437 112
3392 4437 112
1724 4437 112
3621 4437 112
1250 2423 112
769 4437 112
771 4437 112
3495 4437 112
612 4437 112
3475 3719 112
3475 4258 112
865 4437 112
733 4437 112
2723 4437 112
630 4437 112
608 4437 112
605 4437 112
595 3719 112
613 4437 112
3941 4258 112
3475 2321 112
593 4437 112
772 4437 112
611 4437 112
607 4437 112
768 4437 112
2409 4889 84
3317 1769 84
2065 4889 84
2650 4889 84
3288 3779 84
3529 3779 84
444 3779 84
2649 4889 84
2650 1769 84
2663 3779 84
3827 4175 84
2771 4175 84
747 4876 84
1039 3761 84
3529 4889 84
2315 4876 84
2484 4876 84
615 4889 84
2666 4889 84
2409 3779 84
2680 4175 84
2680 4876 84
2668 4889 84
4176 3761 84
4176 4175 84
1175 4889 84
2333 3779 84
2770 3779 84
2275 3779 84
2502 4175 84
2654 3779 84
2650 4175 84
981 4889 84
2680 4889 84
2409 4175 84
1372 4889 84
2761 1769 84
4621 4889 84
1372 4876 84
2668 4876 84
2214 4175 84
3523 4876 84
444 4889 84
3317 4876 84
3317 3761 84
2627 4876 84
2758 4889 84
4176 4889 84
2275 4889 84
981 4175 84
2770 4175 84
2759 4889 84
2627 4889 84
2651 3779 84
2315 4889 84
2761 3779 84
932 4889 84
2409 3856 84
2315 3779 84
444 3856 84
3288 4175 84
2680 3779 84
2357 1769 84
2770 4889 84
2771 4889 84
3317 3779 84
615 3779 84
444 3761 84
2357 4175 84
2315 1769 84
2523 4175 84
4176 4876 84
516 4889 84
2663 4175 84
2773 4876 84
981 3761 84
2462 4876 84
2275 1769 84
2502 4889 84
1014 3779 84
1039 4889 84
3523 4889 84
2771 3779 84
2770 4876 84
2502 4876 84
3288 3761 84
1372 4175 84
4176 3779 84
4621 4876 84
2767 4876 84
2357 3761 84
2539 4889 84
2761 3761 84
2649 3779 84
2333 3856 84
2773 4889 84
2502 3779 84
2357 3779 84
2768 4889 84
516 4876 84
3288 1769 84
1039 3779 84
2275 4175 84
2333 4175 84
2484 4889 84
615 4175 84
981 4876 84
444 4876 84
1551 176 4
4058 51 4
2628 177 4
1007 51 4
4008 343 4
2213 176 4
2591 51 4
1549 343 4
3039 51 4
1222 51 4
3415 51 4
3057 343 4
1223 343 4
1222 176 4
1438 343 4
2632 51 4
753 4428 4
3405 176 4
1659 344 4
3405 51 4
998 343 4
4057 343 4
1681 346 4
1754 343 4
2714 51 4
580 343 4
4059 51 4
1222 347 4
1219 176 4
1222 346 4
1180 344 4
1007 343 4
3057 51 4
3582 51 4
1222 343 4
3039 343 4
1549 51 4
4013 344 4
4452 51 4
3115 343 4
745 51 4
996 343 4
4412 343 4
1004 51 4
520 343 4
680 343 4
3087 343 4
1224 51 4
2210 51 4
4191 343 4
1471 343 4
1786 51 4
3057 50 4
1566 343 4
2628 343 4
1075 346 4
3071 343 4
4632 343 4
2633 343 4
2693 343 4
781 346 4
4011 346 4
2215 51 4
1141 346 4
2745 347 4
2628 51 4
3584 343 4
2387 51 4
2371 51 4
1437 343 4
2217 343 4
998 385 4
4416 343 4
4420 176 4
1658 51 4
2394 51 4
4012 346 4
3039 52 4
4008 345 4
4768 343 4
758 51 4
587 66 25
954 81 25
576 161 25
540 3188 25
941 82 25
4799 163 25
4799 162 25
586 66 25
573 146 25
589 3187 25
778 83 25
1341 163 25
589 161 25
575 14 25
2637 69 25
942 82 25
2206 148 25
3361 2167 25
1243 3186 25
941 79 25
953 81 25
588 3201 25
3362 164 25
2657 68 25
2508 3201 25
572 80 25
952 81 25
585 261 25
584 147 25
2918 4590 25
573 151 25
582 3201 25
951 81 25
2986 165 25
3759 4590 25
945 81 25
950 81 25
778 3187 25
948 81 25
946 81 25
590 115 25
947 81 25
573 145 25
585 333 25
2509 3201 25
4018 3343 25
949 81 25
955 81 25
3362 165 25
778 2167 25
943 81 25
2636 69 25
1366 3342 25
3358 3359 85
3602 4666 85
2727 4373 85
1528 4187 85
4478 4373 85
2117 1158 85
3459 3445 85
3427 4187 85
3286 2942 85
3954 1971 85
4390 2942 85
989 2942 85
4761 3379 85
1886 1888 85
4529 1320 85
2396 1951 85
931 2942 85
3241 3445 85
4127 4126 85
2978 4187 85
2780 1512 85
1971 1971 85
1944 3359 85
4600 4373 85
3324 4373 85
1660 1660 85
130 4373 85
1 1318 85
1420 1318 85
2020 1158 85
2477 3136 85
1060 3136 85
1952 4373 85
2878 2942 85
1486 2958 85
3146 3190 85
855 4373 85
1264 1513 85
4047 3552 85
1596 1596 85
2750 2942 85
2318 4373 85
3410 2942 85
3440 4187 85
2198 3359 85
2942 2942 85
2937 4373 85
3434 1971 85
2319 3359 85
1059 2818 85
1936 3159 85
4045 2483 85
1535 3359 85
4421 4055 85
4618 1318 85
4854 4458 85
2200 2942 85
3805 2942 85
3697 1318 85
3391 1528 85
3302 1320 85
2370 3059 85
3412 2942 85
4042 4373 85
1515 1512 85
3553 1158 85
3731 3359 85
2978 3190 85
4553 2483 85
2962 3359 85
3596 1320 85
2432 2942 85
1979 3063 85
1241 3696 85
2949 2949 85
686 1951 85
1174 3696 85
904 4373 85
2365 3059 85
4465 4187 85
686 1684 85
2389 1318 85
4763 1524 85
1639 4187 85
4487 4187 85
1842 4162 85
3906 1318 85
1982 4348 85
3690 3190 85
4156 4187 85
2931 4187 85
1646 3453 85
3411 2942 85
2958 2958 85
1 1158 85
2931 3190 85
3027 3444 85
2563 2238 85
3498 4263 111
1928 4263 111
2943 2418 111
1934 4263 111
1592 930 111
1940 4263 111
1937 4263 111
1931 4263 111
3447 2587 111
4528 1357 111
4537 1680 111
3507 3239 111
4531 4263 111
4581 4263 111
1901 4263 111
2489 2587 111
1515 4263 111
4004 4263 111
1149 3323 111
3021 4263 111
4410 4263 111
3501 4263 111
3596 4263 111
2228 4263 111
2005 4263 111
2419 1357 111
1936 4263 111
3680 1357 111
3500 4263 111
2943 1357 111
2590 2587 111
2612 4263 111
3541 1680 111
4336 4263 111
1992 4263 111
3505 4263 111
1938 4263 111
2174 2170 111
1257 3239 111
2421 2418 111
3507 4263 111
1794 3323 111
983 4263 111
4403 4263 111
1935 4263 111
4410 3092 111
1171 3968 111
3943 4263 111
621 1045 111
4683 975 111
4576 4263 111
3599 4263 111
4304 4439 111
3989 4263 111
1596 4263 111
2007 4263 111
4384 4381 111
3493 4263 111
1925 4263 111
1933 4263 111
4219 4263 111
1460 1396 111
3486 4263 111
2938 2431 14
3944 3833 14
3050 2545 14
3061 3833 14
3208 3833 14
1114 1449 14
1894 3235 14
535 3833 14
4183 1449 14
3874 2517 14
1857 1448 14
1548 3833 14
3062 3833 14
3807 3833 14
3054 3691 14
1261 3691 14
2147 3833 14
3629 3833 14
1854 1448 14
2562 2431 14
2101 3833 14
3050 3833 14
788 1448 14
1788 3833 14
2111 1448 14
958 3235 14
3255 3833 14
3051 3833 14
3241 2968 14
2862 1448 14
1859 3236 14
1856 1448 14
1861 1448 14
4395 3833 14
2146 3833 14
755 1448 14
1893 3235 14
4184 1449 14
743 1448 14
2100 3628 14
1851 1448 14
1432 3833 14
534 3833 14
1852 1448 14
1597 1449 14
3044 3833 14
2778 3235 14
2780 1448 14
3831 4305 14
4397 3833 14
1858 1448 14
1895 3235 14
566 1448 14
2777 3235 14
963 1448 14
4394 3833 14
981 1448 14
4088 3973 83
2763 2131 83
1473 1834 83
2339 1041 83
4088 1041 83
4088 2131 83
4087 3973 83
1905 1834 83
2652 2131 83
431 2131 83
2655 1041 83
3524 2131 83
3835 1041 83
4083 3973 83
4083 1834 83
2343 1041 83
1905 1041 83
2343 1834 83
2665 2131 83
4087 1041 83
4207 3973 83
2339 1834 83
4090 1834 83
4207 1834 83
4208 1834 83
2664 2131 83
3655 1041 83
2653 2131 83
3029 1041 83
2340 1834 83
4088 1834 83
1027 1041 83
2690 1041 83
2341 2131 83
3029 2131 83
4207 1041 83
3656 2131 83
4084 3973 83
3657 2131 83
4208 1041 83
1473 1041 83
2212 1834 83
3655 2131 83
4207 2131 83
2665 1834 83
2763 1834 83
3834 1041 83
3656 1834 83
4208 3973 83
1473 2131 83
4087 1834 83
4085 3973 83
1027 2131 83
2763 1041 83
3335 3060 70
3333 3060 70
3511 3060 70
3485 4464 70
3601 3060 70
1172 3060 70
3513 3060 70
3598 3060 70
3485 3060 70
3485 4642 70
1170 3060 70
3331 3060 70
4533 3060 70
1167 4464 70
3512 3060 70
3333 3237 70
812 489 0
1179 4842 0
190 1875 0
3671 4842 0
813 4778 0
802 488 0
4584 4842 0
320 4778 0
4694 4840 0
799 490 0
863 395 0
4655 559 0
2312 488 0
862 396 0
886 4844 0
4431 3970 0
856 491 0
348 4790 0
4583 4842 0
878 4842 0
187 491 0
189 3970 0
731 4776 0
4709 4793 0
797 491 0
836 396 0
1601 491 0
502 492 0
1179 4843 0
820 4844 0
4692 490 0
880 4841 0
185 4776 0
876 4790 0
55 4794 0
501 491 0
180 4843 0
846 4776 0
4693 491 0
798 489 0
181 3970 0
861 4778 0
320 4777 0
860 4778 0
321 490 0
792 4843 0
486 4840 0
801 1876 0
757 4845 0
2388 1875 0
794 4842 0
4130 490 0
885 3970 0
2241 1451 0
178 4842 0
1454 4840 0
349 4790 0
857 4778 0
815 490 0
807 4840 0
819 4778 0
4429 4842 0
796 491 0
179 4842 0
837 1875 0
1359 4790 0
186 4842 0
2308 488 0
1456 4842 0
804 4790 0
791 395 0
3403 3970 0
2310 4843 0
803 490 0
498 491 0
184 4842 0
4690 4791 0
873 490 0
848 1875 0
881 1875 0
4430 491 0
2313 491 0
859 490 0
183 4793 0
2307 4779 0
188 3970 0
2552 488 0
1915 2800 58
2444 2593 58
1572 2800 58
4145 2800 58
2444 2800 58
3284 2800 58
3695 2800 58
3791 2593 58
3986 2800 58
3784 2593 58
2434 2593 58
4139 2800 58
2544 2800 58
2427 2800 58
2427 2593 58
4537 2800 58
3986 2593 58
513 2800 58
3785 2593 58
2721 2800 58
1915 2593 58
299 2800 58
3344 2800 58
3150 2593 58
742 2800 58
2440 2593 58
3482 2800 58
1571 2800 58
1921 2800 58
784 2800 58
2437 2593 58
2445 2800 58
2366 2800 58
1910 2800 58
601 2800 58
1168 2593 58
1920 2800 58
4137 2800 58
4144 2800 58
629 2800 58
1923 2800 58
476 2800 58
4730 2800 58
1480 2800 58
2437 2800 58
1918 2800 58
1481 2593 58
3466 2593 58
523 2800 58
3781 2593 58
3786 2593 58
3789 2593 58
1916 2593 58
4142 2593 58
3481 2593 58
725 2593 58
1480 2593 58
3541 2800 58
3783 2593 58
1502 2800 58
4143 2593 58
3465 2800 58
1625 2593 58
2114 2800 58
2722 2593 58
3416 2800 58
2057 2593 58
1919 2800 58
4495 2800 58
1097 2800 58
1299 2800 58
3788 2593 58
4585 2593 58
3987 2800 58
1072 2800 58
3782 2800 58
2804 1638 51
1236 1638 51
1123 1638 51
2814 1638 51
1111 1638 51
2805 1638 51
4806 1638 51
4878 1638 51
3620 1638 51
2810 1638 51
1109 1638 51
3638 1638 51
3532 1638 51
4885 1638 51
1389 1638 51
4158 1638 51
2813 1638 51
2808 1638 51
2809 1638 51
3858 1638 51
4314 1638 51
4512 1638 51
4568 1638 51
1841 1638 51
4493 1638 51
1125 1638 51
1110 1638 51
1126 1638 51
2807 1638 51
1077 1638 51
844 1638 51
4161 1638 51
1443 1638 51
3710 2754 51
2740 1638 51
3230 1638 51
2803 1638 51
2851 1638 51
1799 1638 51
1117 1638 51
4805 1638 51
2887 1638 51
3565 1638 51
3462 1638 51
3430 1638 51
1124 1638 51
1766 1638 51
1101 2259 33
3528 2259 33
1101 1101 33
1979 1101 33
4383 2259 33
2950 2945 33
4261 2259 33
1869 2259 33
544 2299 33
3111 2259 33
2074 2945 33
1609 2261 33
1979 2259 33
4242 2259 33
1102 1101 33
2410 3177 33
3111 1101 33
1979 2945 33
1983 1317 33
1292 1101 33
4588 2259 33
543 2299 33
533 2260 33
1980 2945 33
2104 2945 33
2204 2945 33
1870 2299 33
1079 2945 33
1260 3794 33
2307 1034 105
887 1034 105
178 1035 105
803 1034 105
499 1034 105
1179 1033 105
856 1035 105
188 1035 105
3671 1034 105
3400 1034 105
182 1035 105
799 1035 105
4130 1034 105
843 1033 105
2312 1035 105
1179 1035 105
188 1034 105
882 1034 105
2313 1035 105
731 1034 105
4692 1034 105
883 1033 105
498 1035 105
1600 1034 105
885 1033 105
883 1034 105
4131 1034 105
178 1033 105
2309 1035 105
793 1033 105
791 4613 105
795 4613 105
845 1034 105
179 1033 105
179 1035 105
800 1033 105
800 1034 105
1179 1034 105
848 1033 105
4692 1033 105
4584 1033 105
178 1034 105
4897 3975 105
2308 1034 105
4584 1035 105
797 1034 105
2306 1034 105
4429 1035 105
2312 1033 105
845 1035 105
807 1034 105
2552 1034 105
793 1034 105
792 1034 105
848 1034 105
885 1034 105
794 1035 105
800 1035 105
846 1034 105
1360 1034 105
4694 1034 105
1456 1033 105
186 1033 105
794 1034 105
2491 2490 105
4583 1034 105
182 1033 105
2388 1034 105
2312 1034 105
4583 1033 105
180 1034 105
851 1034 105
843 1035 105
845 1033 105
799 1033 105
797 1035 105
2310 1034 105
794 1033 105
56 1034 105
2241 3975 105
187 1035 105
321 1034 105
3671 1033 105
188 1033 105
3671 1035 105
863 4613 105
186 1034 105
2309 1034 105
883 1035 105
1454 3975 105
186 1035 105
797 1033 105
793 1035 105
1346 3674 3
1485 1207 3
2719 3233 3
1346 1207 3
1037 3233 3
627 1207 3
1943 1207 3
1347 3234 3
4671 1207 3
1485 3674 3
1346 3233 3
2453 4343 101
4689 526 101
4344 4343 101
3948 104 101
109 526 101
3947 4343 101
2453 526 101
4346 4345 101
107 103 101
2110 4345 101
4346 1444 101
393 1444 101
105 526 101
110 104 101
3536 4343 101
4871 4343 101
106 526 101
3966 4558 101
3947 104 101
3967 526 101
107 526 101
4873 4343 101
4874 4343 101
102 103 101
3949 104 101
4518 4343 101
4193 255 119
3687 1575 119
1280 255 119
957 956 119
3049 255 119
2222 255 119
435 1575 119
4193 968 119
2187 1575 119
1653 2615 119
3100 1575 119
4734 1575 119
2558 255 119
4159 1575 119
4675 255 119
2190 1575 119
2268 1483 119
3047 968 119
3049 968 119
3185 1483 119
2731 1575 119
874 1575 119
624 2615 119
4399 968 119
2398 208 119
693 255 119
2109 1575 119
3687 1483 119
3715 2615 119
2108 255 119
2272 1483 119
4398 968 119
1002 968 119
4399 255 119
2002 255 119
4396 255 119
2269 1483 119
2267 1575 119
2933 255 119
2556 968 119
4245 1575 119
2273 1483 119
4423 1483 119
2556 255 119
